0
0
0
0
0
0
0
0
0
0
0
0
0
0
0
0
0
0
0
0
0
0
0
0
0
0
0
0
0
0
0
0
0
0
0
0
0,54
0,44
0,60
0
0
0,5
0
0,15
0
0,1,50,51
0,41
0
0
0,22
0,47
0,15
0,60
0
0
0
0
0
0
0
0
0,38
0,63
0
0,47
0,30
0,44
0,11
0
0,10,33,43
0
0,61
0
0,38
0
0,27,40,51
0
0,43
0,5,33,36
0
0,60
0
0
0,4,27,31,42,46,49,53
0
0,28,45,49
0
0,47
0
0
0,32
0,20
0,25
0,42
0
0,32
0
0
0,30
0,29
0,11
0
0,4,10,14
0
0,7
0,32
0,58
0,39
0,24,34,58
0
0,21
0,4
0,30
0,7
0,30,34,60
0,27
0,23,45,58
0
0,12
0,22,37,51
0,46
0,3
0,1
0
0,21,43,62
0
0,8,21,29
0
0,37
0,51
0
0
0,3,9,10
0
0,11
0,35
0,16
0,9
0
0,6
0,30
0,14,17,31
0
0
0
0,16,34,50
0,3
0
0,57
0,13,53,56
0
0,22
0
0,29
0,12
0
0,63
0,16
0,26,45,55
0
0
0,20
0
0,11
0
0
0
0,30
0
0
0,29,45,48
0
0,35
0
0,3
0
0
0
0
0,24
0,13
0,25,42,51
0,23,41,62
0,41
0,27
0,36
0,59
0,26,46,52
0,39
0
0
0
0
0
0
0
0,6
0,14,21,27
0
0,60
0
0,43
0
0
0
0,31,44,51
0
0,34
0
0
0,56
0,31,32,63
0,49
0,10
0
0,6,56,62
0
0
0
0,3,5,6
0,4
0
0,46
0
0
0,22
0,46
0,42
0,8,22,30
0
0,40
0,39
0
0,10,53,63
0,12,20,24,34,46,54,58
0
0
0
0,55
0
0
0
0,46
0,12,21,25,34,46,55,59
0
0,13,51,62
0,30
0,30,39,57
0
0,63
0
0,41
0,12
0,10,19,25
0,11
0,44
0,47
0,46
0,15,39,40
0
0
0
0
0
0,48
0
0
0,25,37,60
0,63
0,29
0,60
0
0,15
0,11
0
0,32
0
0,14
0
0,38
0
0
0
0,18
0
0,45
0,58
0,4,19,23,41,45,58,62
0
0,61
0
0
0,40
0
0,19
0,25
0,52
0
0
0,31,37,58
0,10
0
0
0
0,47
0,17
0,38
0
0,4
0,26,44,54
0,58
0,13
0
0,51
0
0,7,33,38
0,29,35,62
0
0
0,1,22,23,42,43,60,61
0,18,45,63
0,12
0
0,33
0,62
0,31,34,61
0,61
0,45
0,17
0,47
0
0
0,35
0
0
0
0,9,49,56
0,29
0
0,22
0
0
0
0,1,58,59
0,30,35,61
0,6,27,29
0,42
0
0
0,30,46,48
0,14,53,59
0,10,19,25,36,46,55,61
0
0,32
0,45
0,9,19,26,33,40,50,59
0,31,45,50
0,42
0
0,12
0,50
0,8
0
0
0
0,33
0,62
0
0,16
0
0
0,1
0
0,32
0,24
0
0,50
0,10,51,57
0
0,59
0
0
0
0,48
0,62
0,1
0,38
0
0,11
0,32
0,17
0,42
0
0
0
0,48
0,2
0,17
0
0,28,41,53
0,58
0
0
0,12
0,46
0,57
0,46
0
0
0,57
0
0
0
0,50
0
0,8,22,30,38,46,48,56
0,9,33,40
0
0,9
0
0
0,53
0,24
0
0,30
0
0,25,45,52
0
0
0,56
0,2,57,59
0,57
0,51
0
0,20,44,56
0
0,13
0,50
0,57
0
0,49
0,14
0
0,17,38,55
0
0,42
0,52
0,19
0,27
0
0
0,25
0
0
0
0,14
0,6,33,39
0
0,39
0,34
0,56
0
0,47
0
0,37
0
0,34
0
0
0
0,3,20,23,45,46,57,58
0,35
0
0,8
0
0,16,38,54
0
0,6,35,37
0,20
0
0,55
0,23,33,54
0,7
0,18
0
0
0,58
0
0,7
0
0,42
0,63
0,2
0,27,40,51
0,17
0,17
0,38
0
0
0
0,19
0,45
0,19
0,34
0,44
0,58
0
0,28
0
0
0,59
0
0,14
0,10
0,13,21,24
0,11,33,42
0
0
0,15
0,18
0
0
0
0,40
0
0
0,43
0,29
0,44
0,28
0,8
0,40
0,52
0
0
0
0
0,8,22,30
0
0,20,41,61
0,30,38,56
0,14
0
0
0
0
0,57
0,1,62,63
0
0,57
0,4,40,44
0
0,26,47,53
0,39
0,13
0
0,46
0
0
0
0,1,24,25
0
0
0
0,24
0
0
0,11,23,28
0,44
0
0
0,60
0,30
0,2
0,19,43,56
0,5
0,63
0,1
0
0
0
0,25
0
0,26
0
0,2,52,54
0,17
0,18,38,52
0
0,40
0
0
0
0,54
0,36
0
0,36
0,60
0
0,6
0
0
0,40
0,39
0
0
0,51
0,6,24,30
0,40
0
0
0,31
0
0
0
0,22,34,52
0,46
0,48
0,10
0
0,15,17,30,32,47,49,62
0
0,58
0,43
0
0
0,4,17,21
0,18
0,62
0,17
0
0
0,12,23,27
0,57
0
0,60
0,18
0
0,7
0
0,5,8,13,48,53,56,61
0,6,19,21,33,39,50,52
0,36
0
0,42
0
0
0,19
0,28
0,30
0,15
0,37
0,21,38,51
0,27
0,22
0,28
0,53
0,6,35,37
0
0
0
0,6,41,47
0,14,38,40
0,5
0
0
0,26,43,49
0,30,37,59
0,60
0,6,11,13,16,22,27,29,32,38,43,45,48,54,59,61
0,4,48,52
0
0,42
0
0
0,60
0
0
0
0,7
0
0,63
0,15
0,13,38,43
0
0,3,60,63
0
0,55
0,12
0,41
0,14
0,36
0
0,12,35,47
0
0,31,36,59
0,43
0
0,55
0,50
0,19,45,62
0
0,13,20,25
0,9
0,13,16,29
0,24
0
0,32
0,3,8,11,49,50,57,58
0
0,14
0
0
0
0
0
0,26,44,54
0,5
0
0,32
0,60
0,22
0
0,19
0,48
0
0,21
0
0
0,7
0,11
0,22
0,7
0
0,8
0
0,61
0,12
0,3
0
0,2,12,14,49,51,61,63
0,43
0,31,42,53
0,44
0,31
0,23
0
0,6
0
0,10
0
0,19,40,59
0,23
0
0
0,18,37,55
0,4
0,17,44,61
0
0,4,48,52
0
0,7
0,40
0,14
0
0,61
0,59
0,4,50,54
0
0,21,42,63
0
0,50
0,20,46,58
0,39
0
0
0
0,27,39,60
0,27
0,22
0
0,29,39,58
0,33
0,34
0
0
0,16
0
0,56
0,48
0,10
0
0
0
0,4,10,14,50,54,56,60
0
0
0,34
0,4
0,56
0,37
0
0,22,44,58
0
0,4,24,28
0
0
0
0,33
0,22
0,5,27,30
0
0,6
0,53
0,6
0,48
0
0
0
0
0,28,42,54
0,55
0,7
0
0
0,61
0,33
0
0
0
0
0,47
0
0,45
0
0,21
0,5
0,17,42,59
0
0,46
0
0,49
0
0,47
0
0,25,41,48
0
0
0
0,58
0,57
0,38
0
0
0
0,44
0,7,17,22
0
0,63
0,9
0
0,26
0
0
0,2,4,6,33,35,37,39
0
0
0,24
0
0
0
0,20
0,19
0,52
0,21,44,57
0,33
0
0,1
0,14,19,29,39,41,52,58
0,12,52,56
0
0
0
0,37
0,34
0,10
0
0,32
0
0
0
0
0
0
0,8
0,6
0,3
0
0
0
0
0,30
0
0,4,10,14
0
0
0
0,50
0
0
0,52
0,57
0,30
0
0
0,62
0,19
0,56
0,21
0
0,6
0
0,21
0,15,37,42
0
0,15
0
0
0,53
0,1,20,21
0
0
0,14,20,26,33,47,53,59
0,27
0
0
0
0,1
0,58
0,61
0
0,39
0,21
0
0,53
0,31,43,52
0
0,39
0,62
0,20
0
0,55
0
0,54
0,6
0,8,38,46
0
0
0
0
0,16
0,32
0,24
0,5,11,14
0
0
0
0,54
0,45
0
0
0
0
0
0
0
0,29
0,2,13,15
0
0,9,34,43
0,50
0,46
0
0
0,20
0
0
0
0,51
0
0
0,52
0,13,48,61
0
0,16
0
0,12
0
0,33
0,1,10,11
0,17
0,61
0
0,38
0
0,61
0
0,26
0
0,10,32,42
0,2
0,51
0
0,10,39,45
0,60
0
0,62
0
0,32
0
0
0
0,7,25,30
0,14,54,56
0
0,4
0
0
0,35
0,7,42,45
0
0
0,23
0,28,35,63
0,4
0
0
0,53
0
0,20,42,62
0,10
0
0,44
0,21
0,21,43,62
0,49
0,18
0
0,30
0
0,56
0,3,60,63
0
0,19
0,41
0
0,4,11,15,49,53,58,62
0
0,46
0,7,50,53
0,27,35,56
0,25
0,59
0,50
0
0,58
0,61
0,16
0,7,24,31,43,44,51,52
0,35
0
0,39
0
0,13
0
0,61
0
0,61
0,37
0,41
0
0,16
0,25
0
0
0,21
0,15,39,40
0,36
0,5,19,22
0
0
0,58
0
0,15,55,56
0,13,19,30
0
0,63
0
0,22
0,41
0,37
0,20
0,23,47,56
0,5
0,16,40,56
0
0
0,16
0,11
0
0,19
0,6,19,21
0
0,41
0
0
0,4,40,44
0
0,16,32,48
0,38
0,16
0
0,2
0,40
0,43
0,59
0
0,56
0
0
0,44
0
0
0
0
0,18,41,59
0,42
0
0,26
0,50
0
0,60
0
0,49
0
0,40
0,50
0,53
0
0,45
0
0
0,31
0,10,18,24,37,47,55,61
0,13,53,56
0,25,42,51
0,56
0,1,8,9,18,19,26,27
0,25
0
0,53
0
0,53
0,12,21,25,35,47,54,58
0
0,2
0,7
0
0,13,50,63
0
0,11
0,29
0
0,18,36,54
0
0
0,10
0
0,21
0
0
0,42
0,30,41,55
0
0,17
0,22,47,57
0,29,44,49
0,23
0
0,29,34,63
0,9
0,5,24,29,40,45,48,53
0
0
0
0
0
0,9,22,31,34,43,52,61
0
0,20,34,54
0,45
0
0
0,21,36,49
0,56
0,63
0
0
0,13,54,59
0
0,14
0,29,40,53
0,59
0,56
0
0,7
0,4,50,54
0,48
0,13,39,42
0
0,49
0,59
0,46
0
0
0
0
0
0,22
0
0,12,20,24,33,45,53,57
0,26
0,55
0,4
0,29
0
0,50
0,41
0,21
0
0,11
0,6,24,30
0,5
0
0
0,31,40,55
0,33
0,21
0,19
0,37
0,1,32,33
0,22
0,3,36,39
0,25,33,56
0,42
0
0,45
0
0,42
0,5,56,61
0,55
0
0,26
0,30
0
0
0
0,24
0
0,42
0,58
0
0,14,22,24
0,58
0,19
0,60
0
0,60
0,6
0
0,44
0,6,48,54
0,2,29,31,41,43,52,54
0,1,10,11,34,35,40,41
0
0
0,62
0
0,17
0,37
0
0
0
0,4,10,14,18,22,24,28
0,54
0
0,38
0
0
0,34
0
0,34
0,15
0,3,21,22,37,38,48,51
0,14,22,24,36,42,50,60
0,35
0,9
0
0
0,53
0,27
0
0,23
0,8
0
0
0
0,14,37,43
0,6,51,53
0,1
0,51
0
0,7,24,31
0,11,33,42
0,2,29,31
0,33
0
0,1
0,6,57,63
0,21
0
0,18,46,60
0
0,29,39,58
0
0
0,3,32,35
0,12,37,41
0,21
0,36
0,29,44,49
0,25
0,15
0,28
0,18
0,12
0
0,56
0,61
0
0,27
0,51
0,37
0
0
0,63
0,9
0,25,40,49
0
0
0,7
0,35
0
0
0,16
0,58
0
0
0
0
0,34
0
0
0,9,52,61
0
0,39
0,41
0,32
0
0
0,1,16,17
0,40
0,48
0,33
0,22,42,60
0
0,1
0
0,12,35,47
0,55
0,19,33,50
0,1
0
0
0
0
0,54
0,11,23,28,32,43,55,60
0,58
0
0,9
0
0,41
0
0
0
0
0
0
0
0,39
0
0,17
0
0
0,38
0
0,33
0
0,5
0
0
0,45
0
0
0
0,50
0
0,1,22,23
0,16,46,62
0,14
0,20,38,50
0,47
0
0,13
0
0
0
0
0,27
0,10
0,31
0,60
0,24
0
0
0
0,10,17,27,36,46,53,63
0,39
0,58
0,3,12,15
0
0,14
0,23
0,31,44,51
0,2
0
0,53
0,61
0
0
0
0,6
0,17
0
0
0,36
0
0,60
0,51
0,22
0,7
0
0
0
0
0,17,34,51
0,30
0,46
0
0
0
0
0,6,16,22
0
0,18,42,56
0,58
0,63
0,22,37,51
0
0,27
0
0,50
0,54
0
0,26,40,50
0,23
0,42
0,29
0,50
0
0,31
0,12
0
0,4
0,10
0,6
0,14
0
0,18,32,50
0
0,2,16,18
0,42
0
0
0
0
0,32
0,27
0
0,45
0,31
0,44
0,1
0
0,10,54,60
0,23
0
0
0,15
0,45
0
0,13,48,61
0
0
0
0
0
0
0,49
0
0,7,43,44
0
0
0
0,24
0,35
0,18
0
0
0
0,16
0
0
0
0,14,55,57
0,9
0,1
0,9,53,60
0,45
0,24,35,59
0
0
0,14
0
0
0,6
0
0
0
0
0
0,28,47,51
0,4,58,62
0,14
0
0
0
0,27
0
0,29
0
0,40
0,5,27,30,40,45,51,54
0,9
0,9
0,16,39,55
0
0
0
0
0
0,6
0
0,29
0
0,3,25,26
0
0
0,59
0,42
0
0,27
0,7,18,21
0,52
0
0,14
0,58
0,36
0,26,40,50
0,21
0
0
0
0,42
0
0,53
0,41
0
0
0
0,22
0
0,1
0,9
0,23
0
0
0
0,34
0
0,29,44,49
0
0,21,35,54
0,26,41,51
0,41
0,4
0,52
0
0,62
0
0
0,2,9,11,49,51,56,58
0,42
0
0,63
0
0,5
0,18
0,50
0
0
0,45
0,63
0,16,39,55
0,45
0,45
0,22
0
0,12
0
0
0,21
0,37
0,8
0
0,6
0
0,12,49,61
0
0
0
0,42
0
0,21,35,54
0,59
0
0
0,7,33,38
0
0,10
0,8
0,49
0,17
0,17
0
0
0,26
0
0,53
0,46
0
0
0,10
0,58
0,15
0
0
0
0
0,30,34,60
0,63
0,34
0,14
0,40
0,37
0
0,18
0,4
0,15
0
0,25,32,57
0,7
0
0,35
0,4
0,48
0,5
0
0
0,18
0,5,49,52
0,2
0
0
0
0,53
0
0
0,3,13,14,32,35,45,46
0
0,25
0,31
0,25
0,6
0,19
0
0,13,23,26,35,46,52,57
0,24,44,52
0,31
0
0
0
0,24
0
0
0,26
0,24,47,55
0,24,42,50
0
0,40
0,6,56,62
0,18
0
0
0,24,36,60
0
0
0,51
0,47
0
0
0
0,1,62,63
0,39
0,21
0
0,26,38,60
0
0
0,2
0,14
0,13
0
0,52
0,55
0
0,62
0
0,31
0
0,61
0,28,44,48
0
0,4
0,29
0,30
0
0
0
0,59
0
0
0
0,17
0
0,2
0,14
0
0,14
0,28
0,54
0,16,47,63
0
0,20
0
0,47
0,23,47,56
0
0
0
0,63
0
0
0,1
0,41
0
0,15,48,63
0,18,43,57
0,63
0,27
0,30
0
0
0
0,35
0
0,16
0,5
0,22
0
0,29,43,54
0,19,42,57
0,26
0,60
0,46
0,28
0,60
0,13,54,59
0
0,51
0,11,21,30
0,8,49,57
0
0
0
0,31
0,5,8,13,17,20,25,28
0
0
0,35
0
0,4,59,63
0,10
0,30
0
0,6
0,57
0
0,51
0
0
0
0
0,48
0,30
0,24,37,61
0,6,26,28,43,45,49,55
0,24
0
0,38
0,14
0
0
0
0,62
0,60
0
0
0,5,26,31
0,45
0,39
0
0,20,38,50
0
0
0
0,24,38,62
0
0,4,24,28
0,7,25,30
0,21,47,58
0
0,35
0,28
0
0
0,3
0,30
0
0
0,48
0,14
0
0,42
0,58
0
0,6,19,21
0,24
0,6
0,52
0,22,34,52
0,6
0,46
0,5
0,29
0
0,16
0,30
0
0
0
0
0,7,42,45
0
0,20,41,61
0,16,43,59
0,46
0,16
0
0,44
0,13
0,42
0,10,16,26
0
0
0,28
0,13
0
0
0
0
0,4
0,25
0
0,12,22,26
0
0,20
0
0
0,7,49,54
0
0
0
0,43
0,4,17,21
0
0
0,26
0,45
0
0
0,49
0
0,32
0
0
0
0
0,28,46,50
0
0
0,43
0,4,42,46
0
0,38
0,3,28,31
0,60
0,31
0,31
0
0
0,1
0,29
0
0
0,24
0
0
0,12,18,30,36,40,54,58
0
0,15,52,59
0
0,22
0,2,4,6,8,10,12,14,48,50,52,54,56,58,60,62
0
0,54
0,37
0,1,42,43
0,26
0
0,5
0,34
0
0,26
0,10,32,42
0
0
0
0,6,17,23
0
0,24
0,31
0
0
0
0
0
0,44
0,8
0,28
0
0,55
0
0,33
0,35
0
0
0,36
0,30
0,38
0,11,32,43
0,3,28,31
0
0,43
0,53
0
0,21,47,58
0
0,24
0,15
0
0,8
0,49
0
0,15,18,29
0
0
0
0,18
0
0
0,49
0,57
0
0
0
0,46
0,24
0
0,58
0
0
0,16
0,59
0,7
0,8
0
0,32
0
0
0,22
0,13
0,5,51,54
0
0,27
0,51
0
0,6,10,12
0
0
0,59
0,40
0,31
0
0
0,10
0,50
0,22
0,4
0
0,3,20,23
0,16
0
0
0,44
0
0,39
0
0
0
0,60
0,8,16,24
0
0,1
0,25,46,55
0,45
0
0
0,14
0,30
0,16
0,32
0
0
0
0,25
0
0
0
0,48
0,22
0
0,51
0,41
0,14,50,60
0
0
0
0
0
0
0
0,30
0
0,25
0,11
0
0,24,38,62
0,31,46,49
0,21,45,56
0,6,9,15,48,54,57,63
0
0
0
0,45
0,19
0
0,4
0
0,9
0,27
0
0,33
0,20
0,33
0,6,41,47
0
0,53
0,17
0
0,28
0
0,38
0
0,9
0,14,32,46
0
0
0,13
0
0,55
0
0,35
0,37
0,2,13,15,21,23,24,26
0,27
0,60
0
0,12
0
0,16
0,62
0
0,33
0,50
0,17
0,22
0,12
0,47
0,47
0,8,39,47
0
0
0,5,27,30
0,3,20,23
0
0
0
0
0
0,60
0,63
0
0,11,54,61
0
0,61
0
0
0
0,10
0
0
0,17
0,27
0
0
0,51
0,16,47,63
0
0
0
0,17
0
0,1
0
0,9
0,5,19,22,33,36,50,55
0,31
0
0
0
0,25
0,10,34,40
0,56
0,59
0
0,35
0
0
0
0,43
0,12
0
0,5,27,30
0,59
0,17,42,59
0
0,19
0,1,52,53
0
0,29,36,57
0,17
0,49
0,5,33,36
0,29
0
0,60
0
0,15
0
0,55
0
0,30
0,6,10,12
0,8
0
0
0
0
0,24
0
0
0,3,53,54
0,5,51,54
0,47
0
0
0,12
0,22,32,54
0
0
0,58
0
0,33
0,63
0,38
0,19
0
0
0
0,1
0,7,43,44
0,33
0,27
0
0
0,12
0,9
0
0,20
0,15,20,27
0
0
0
0
0,11
0,58
0
0,15
0
0
0,15,39,40
0,13,50,63
0,18
0
0,12,54,58
0,19
0,55
0,19,47,60
0,11
0,15
0,20
0
0
0,36
0
0
0,6,25,31
0,52
0,3,60,63
0
0,17
0
0
0
0,39
0,43
0,53
0,60
0,62
0,4,33,37
0,4,9,13,16,20,25,29
0,36
0
0,63
0
0,40
0,8,54,62
0
0
0
0,10,19,25,36,46,55,61
0,19
0
0,36
0
0
0,28,43,55
0,47
0
0
0
0,31
0
0,6
0
0
0
0,27
0
0
0,28
0,35
0,5,11,14,17,20,26,31,34,39,41,44,51,54,56,61
0,13
0
0
0
0,29
0
0,40
0
0
0,38
0,18,35,49
0,46
0
0,27
0,15,20,27
0
0
0
0
0,14
0
0,45
0,49
0
0,6
0
0
0,15
0
0,1,26,27
0,42
0
0,60
0
0,1
0
0,52
0
0
0,12,23,27
0
0,29,43,54
0,48
0
0,37
0,24
0,46
0,48
0
0
0,18
0
0
0
0,19
0
0,6,17,23,32,38,49,55
0,15
0
0,13
0
0,15
0
0
0
0,11,55,60
0
0
0,59
0,2
0,9,39,46
0,18
0
0
0,33
0,6,27,29,41,47,50,52
0,49
0
0
0,11
0
0,45
0,12,54,58
0,23,38,49
0
0,17
0,9
0,25,40,49
0,57
0,36
0
0,54
0
0,3
0,3,28,31,32,35,60,63
0
0,58
0
0
0,63
0,34
0
0,56
0,7,10,13
0,50
0,5,24,29,40,45,48,53
0
0
0,20
0
0
0
0,16
0
0
0
0,15
0
0,54
0,5,58,63
0,57
0,52
0,11
0
0
0,21
0
0
0
0
0,7,27,28
0,14
0,17
0,2,44,46
0
0,60
0
0
0,32
0,17
0,50
0,30
0,4,16,20
0,6
0,31
0,22
0,31
0,1,40,41
0,7,59,60
0,33
0,19
0,13,18,31
0
0,4
0
0,29,39,58
0,55
0,12,50,62
0
0,32
0,39
0
0,43
0,62
0
0,24
0
0
0
0
0,24
0,31,32,63
0,9,37,44
0,31,40,55
0,45
0
0,58
0,45
0,5,50,55
0
0,33
0,42
0,11
0
0
0
0
0,59
0
0,3
0,28,37,57
0,37
0
0
0
0
0,8
0,39
0,45
0,2
0,51
0,4,56,60
0,5
0,1,6,7,58,59,60,61
0,53
0,32
0
0,1
0,41
0,60
0
0,49
0,19
0,12,18,30,37,41,55,59
0,59
0,41
0
0
0
0
0,15
0,11,17,26,39,44,54,61
0
0
0
0,4,56,60
0
0,48
0,41
0
0
0
0
0,21
0,38
0,22
0
0,14
0,45
0,56
0,48
0
0
0
0
0
0
0,4,10,14
0,31
0
0
0
0
0,7,49,54
0,14
0
0,57
0
0,30
0,8
0,55
0,15
0,16,38,54
0,15
0
0,19
0
0,48
0,14,22,24,38,40,48,62
0
0,14
0,12,55,59
0,32
0,25
0,14,50,60
0,7,27,28
0
0
0
0,19
0
0,52
0,27
0,4
0,25
0,13
0,51
0,5,42,47
0
0,5
0,30
0,11
0,5
0,31
0,12,50,62
0,9,49,56
0,47
0
0
0
0,55
0,21
0,13
0,20,43,63
0,44
0,48
0
0
0
0
0,18
0,1,26,27
0,24,42,50
0,15
0,26,40,50
0
0,24,35,59
0
0,16,32,48
0,26
0,21
0,21
0,28,36,56
0,7
0,16
0,8,48,56
0
0,31,38,57
0,49
0,5
0
0,56
0
0
0,57
0,45
0
0,28
0
0,63
0,12
0,9,38,47
0
0,29,41,52
0
0,25
0,15
0
0,11,20,31
0
0
0,6
0,40
0
0
0,14
0
0
0,41
0,45
0
0,62
0
0,11,20,31
0,36
0,6
0
0,7,35,36
0,63
0
0
0,48
0
0,48
0,44
0,48
0
0
0,23
0,11
0
0,4,49,53
0,30
0,13
0,62
0,5
0
0,31
0,15,50,61
0,43
0,35
0
0,12,20,24
0
0,18
0,62
0
0,17
0
0
0
0,8,52,60
0
0
0
0,22
0,4,33,37
0,34
0
0
0,24
0,61
0
0,14
0
0
0
0,3,29,30,41,42,52,55
0
0,12,37,41
0
0
0,46
0,14,53,59
0,9,53,60
0,4
0,7,9,14,50,53,59,60
0
0
0,41
0,26
0
0
0,52
0,3,52,55
0,17
0,18
0
0,45
0
0
0
0,6,19,21
0
0,30
0,23
0,33
0,4,50,54
0
0
0,21,36,49
0,21
0,9
0
0,42
0
0,27
0
0,62
0
0
0,12,39,43
0,5,17,20,42,47,59,62
0
0,15,52,59
0,12
0,17
0,34
0
0,26
0,49
0,28
0,29
0
0
0
0
0
0,2,52,54
0
0
0
0,16
0,2,12,14
0,55
0,3,52,55
0
0
0,26
0,30
0
0,28
0
0,3,28,31
0,10,36,46
0,54
0
0
0,23,32,55
0
0,9
0
0
0
0
0
0,33
0,2,49,51
0,46
0
0,12,18,30
0,50
0,26
0,13
0,22
0
0,48
0,39
0,24
0,22
0
0,4,16,20
0,29
0,44
0,44
0,22
0
0,55
0,14,21,27
0
0
0,57
0,20
0,7,27,28
0,9,17,24
0
0,38
0
0
0,16,32,48
0,5,48,53
0
0
0
0,29,39,58
0,38
0,33
0,18,45,63
0
0,6,57,63
0
0
0,28
0
0
0,60
0
0
0
0
0,53
0
0
0,31
0
0
0
0,62
0
0,21
0
0,33
0,59
0,60
0,42
0,24
0
0,60
0
0,28,39,59
0
0
0
0
0,1,22,23
0,61
0,57
0,42
0
0,61
0,38
0,26,41,51
0,2,37,39
0
0,47
0
0,16
0,39
0,37
0
0,46
0
0
0
0
0
0
0
0,47
0,43
0,54
0
0,49
0
0
0
0,53
0
0
0
0,10,17,27
0
0,2
0,8,35,43
0,11,49,58
0
0,31
0
0
0
0
0
0,11,49,58
0,20
0
0,19,33,50
0
0,8,21,29
0
0
0,28
0,34
0,55
0
0
0
0
0,6,35,37
0
0,47
0,6,10,12,18,20,24,30
0
0
0
0,21,33,52
0,34
0
0,62
0
0,14
0,3
0,50
0
0,52
0,8,20,28
0
0,23,33,54
0,41
0
0,3
0,8
0,54
0,62
0,3
0
0
0,59
0,1,6,7
0
0,9
0,15,35,44
0,42
0
0
0
0
0,33
0,30
0,1
0
0
0,38
0,56
0
0,9,19,26,34,43,49,56
0,25
0
0,21
0
0
0
0,45
0
0,61
0,11
0,18,40,58
0
0,3,16,19
0,18,42,56
0,2
0,21
0,30
0
0,37
0,9,38,47
0,40
0,20
0,53
0
0
0
0,30,33,63
0,2
0,13
0,20
0,49
0,26,39,61
0
0,1
0,13
0
0,30
0,29
0,18
0
0,11,32,43
0,44
0,38
0
0
0
0
0,13,37,40
0
0
0,5
0
0,28
0,9,19,26
0
0
0,2,36,38
0,59
0
0
0,22,42,60
0,30
0
0,23
0,26,42,48
0,30
0
0
0
0,2
0
0
0
0,60
0
0
0,50
0,2,57,59
0,10,36,46
0
0,29,46,51
0,15
0,4,34,38
0
0
0,19
0
0,43
0,63
0
0
0,1,24,25
0
0,12
0,39
0,36
0,58
0,8
0,23
0
0,28
0
0
0
0
0
0,7
0
0
0,14
0
0,5,43,46
0,2,4,6,17,19,21,23
0,1,62,63
0,44
0
0,60
0,37
0
0,5
0
0,13,36,41
0,14
0
0,1,2,3,44,45,46,47
0,6
0,57
0,49
0,48
0,57
0,9
0
0
0,13,16,29,37,40,53,56
0
0
0
0
0
0,43
0,9,49,56
0,1
0,24
0,35
0
0,56
0
0,41
0,15
0
0
0
0
0
0
0,10,39,45
0,2,33,35
0,32
0,12
0,2
0
0
0,20,36,48
0
0,35
0,26
0
0
0
0
0
0,39
0,7,9,14,19,20,26,29
0,21
0
0
0,12,36,40
0,5,35,38
0,48
0
0
0,46
0,3
0,3
0
0,60
0
0,51
0,14,37,43
0
0,48
0,14,36,42
0,46
0,45
0,55
0,5,56,61
0
0,1
0
0,28
0
0
0
0,50
0
0,14
0,8,49,57
0
0,46
0,42
0,15
0
0,28,39,59
0,10
0,15
0
0
0
0,20,45,57
0
0,37
0
0
0
0
0,6
0
0
0,8,32,40
0,23
0
0,23
0
0
0,22
0
0
0,38
0
0,26
0
0,27
0
0,17
0
0,47
0
0
0
0,41
0
0
0,26
0,9,55,62
0,12
0,11,48,59
0
0
0,40
0
0,28
0
0,41
0
0,5,8,13,16,21,24,29
0,41
0,22
0
0,62
0
0
0,11
0
0
0,2,61,63
0
0
0,30,33,63
0
0,38
0
0,50
0
0,35
0
0,24
0,30
0
0,43
0,40
0,10,20,30
0
0
0,18
0
0,42
0
0,1,20,21
0
0
0
0
0
0,30
0
0
0
0,7
0
0,9
0,26,40,50
0
0
0,48
0,19
0,38
0
0
0
0,5,56,61
0,14,34,44
0
0,12,23,27
0
0
0
0
0,59
0,39
0,29
0,60
0,44
0
0
0,18
0
0
0,27
0,8,48,56
0,44
0
0
0
0
0
0,6
0,17
0,23
0,10,51,57
0
0
0
0
0,5
0
0,43
0
0
0,18,44,62
0
0
0
0
0
0,12
0,35
0,31
0,34
0,47
0,11
0,21
0,44
0,22
0
0
0,1
0
0
0
0
0,4,35,39
0,21,44,57
0
0
0,1,16,17
0
0,23,33,54
0
0
0,40
0,53
0,50
0
0,53
0,5,35,38
0
0
0,28,41,53
0
0,26
0,2,52,54
0
0,1,2,3,40,41,42,43
0,28
0
0,59
0,9
0,52
0
0,9
0,2
0,11
0,8,23,31,39,47,48,56
0,18
0,1,10,11
0,45
0
0
0,52
0
0,4
0
0,22
0
0,32
0
0,3,5,6
0,24
0,2,9,11
0,24,36,60
0,10
0
0,16,38,54
0,2,53,55
0,3
0,4,35,39
0,14
0,40
0
0
0,20,41,61
0,13,17,28,39,42,54,59
0
0
0,54
0,3
0,12
0,25
0
0
0,1,20,21
0
0,53
0
0,22
0,21
0,37
0,54
0,57
0,26
0,1
0,16,34,50
0
0,15
0
0,6
0,50
0,21,43,62
0,13
0,39
0
0,3,44,47
0
0
0
0,4
0,27
0,63
0
0
0
0
0,39
0
0
0,55
0
0,5
0
0
0
0
0,19
0,42
0,6
0
0
0,50
0
0,4,9,13
0,26
0
0,23
0,39
0,29
0
0,42
0
0
0
0,10
0
0
0,17
0
0,3,9,10
0,32
0,9
0,26
0,4,9,13
0,41
0
0,61
0
0,43
0,18,39,53
0
0
0,16
0,12,36,40
0
0
0,19
0
0
0,22
0
0,36
0
0,14,39,41
0,29
0
0,53
0,13,39,42
0
0,62
0,33
0
0,21
0,12
0
0,29,39,58
0,30,34,60
0
0
0
0,27
0,62
0
0,28,34,62
0,53
0,13
0
0
0
0,47
0
0
0,10
0
0,36
0,32
0,22
0
0,6
0
0
0
0
0,6,58,60
0,54
0
0
0
0
0,35
0,6,25,31
0
0,63
0
0,29
0,7,8,15
0
0
0,22,47,57
0,23
0,33
0
0
0,55
0,12,33,45
0
0,60
0
0
0
0
0,19
0
0,63
0,1
0,45
0,1,16,17,40,41,56,57
0,4
0,54
0,61
0
0,38
0
0,2,28,30,37,39,57,59
0
0,4
0,1
0,18
0,43
0,12
0,19,39,52
0
0
0
0,24,43,51
0,9
0
0
0,63
0,6,25,31
0
0
0,27
0
0,29,45,48
0,2
0,34
0
0,63
0,13,22,27
0,22
0,19
0,49
0,25
0
0,4
0,8,21,29,37,45,48,56
0,11,37,46
0
0,1,2,3,28,29,30,31,36,37,38,39,56,57,58,59
0,3,24,27
0
0
0
0,27,45,54
0,23
0
0
0,20
0,18,32,50
0
0,19
0
0,31
0,21
0,50
0,19
0
0,7,9,14
0
0
0,23
0,6
0,22
0,44
0,37
0,19
0,1
0,56
0,39
0,7,26,29
0,41
0
0,25
0,44
0,15
0
0,43
0,34
0,5
0,16
0
0
0,17
0,17,35,50
0,33
0
0
0,8,48,56
0,43
0
0,12
0
0
0,27
0,23
0
0,10,35,41
0
0,15
0,31,33,62
0
0
0,39
0,29,41,52
0
0,6
0
0
0,61
0,22
0,25
0,23
0
0,6,40,46
0
0,22
0
0,16
0
0
0
0
0,2,9,11,16,18,25,27,37,39,44,46,53,55,60,62
0
0,59
0,28
0
0,31
0,33
0,21
0,31
0,51
0
0
0,2
0,47
0
0
0
0
0
0
0
0
0,43
0,48
0,12,37,41
0,17,46,63
0,5
0,19
0
0,3
0
0,30
0,21
0
0
0,40
0
0,29
0,44
0
0
0,23
0
0,62
0,63
0,54
0,26
0,28
0,7,19,20
0,14
0,16
0
0
0,25,36,61
0
0,61
0
0,10
0
0,37
0
0,2,56,58
0,43
0
0,41
0,28
0,27,34,57
0
0,49
0,23
0,27,33,58
0
0,15,50,61
0,9
0
0,15,54,57
0
0
0
0
0
0
0
0,17,44,61
0,3,20,23,33,34,53,54
0
0
0,29
0
0,49
0
0,11,17,26
0,28
0,16,34,50
0,14
0
0,31
0
0
0
0,47
0,4
0
0
0
0,9
0
0,24
0,28
0
0,19
0,28
0,2
0,25
0,22
0
0,7
0,6,25,31
0
0,30
0,60
0,63
0,24,43,51
0
0,36
0,49
0,23
0,45
0
0,63
0
0
0
0,10,19,25
0,1,50,51
0,24
0
0,54
0
0,1
0,41
0
0,41
0
0,24,36,60
0
0
0
0,1,56,57
0,12
0
0,25,42,51
0
0
0
0,17
0,36
0
0
0,7,42,45
0,11
0,38
0,16,36,52
0,24,38,62
0
0,1,8,9
0
0,6,18,20,35,37,49,55
0
0,11,39,44
0
0
0,11,54,61
0,58
0,2,12,14
0,21
0,18,42,56
0
0
0,1,42,43
0,9
0
0
0,6
0,35
0
0,45
0,42
0,17
0
0,57
0
0
0,15,21,26,36,43,49,62
0,43
0,36
0
0
0
0
0,10
0
0,46
0
0
0,55
0
0,11,32,43
0
0,52
0,27
0
0,16
0
0
0,2,60,62
0
0,37
0
0,1,18,19,40,41,58,59
0,26
0,22
0,31
0,2,53,55
0,46
0,10
0
0,5
0,10
0
0,51
0,1,6,7
0
0
0
0,22
0
0
0,20
0
0,24,34,58
0,6
0,23,41,62
0
0,2
0
0,16
0,21,32,53
0
0,3
0,1,4,5,10,11,14,15,50,51,54,55,56,57,60,61
0
0,42
0
0,20,45,57
0,45
0
0
0,18
0
0,19,35,48
0,13,52,57
0,1
0
0,11
0,14,54,56
0
0,36
0
0
0,43
0
0
0,21
0,6
0
0,54
0
0,25
0,40
0,14,37,43
0,30
0,12
0
0,1,16,17,34,35,50,51
0,44
0
0,31
0
0
0
0
0
0,59
0,8
0,44
0
0,20
0,7
0
0
0
0,55
0
0
0,51
0,27
0,8,21,29
0
0,61
0
0
0
0,7,57,62
0,17
0
0,43
0,26
0
0,6
0,8
0,25
0,3,8,11,52,55,60,63
0,56
0
0
0
0
0
0,12,54,58
0
0
0,25
0
0
0,2
0,26
0,18,32,50
0,24
0
0,48
0
0,63
0
0
0,3,41,42
0,3,45,46
0
0,1,16,17,34,35,50,51
0,34
0
0
0,6
0,39
0,10,20,30
0,57
0
0,28,32,60
0
0,63
0,29
0,33
0
0,34
0
0,42
0
0,21
0,27
0
0,4
0,26
0,22
0,38
0,62
0,22
0
0,51
0,9
0,28
0
0,6
0,62
0,38
0
0,60
0
0,26,33,59
0,3
0
0,21
0,5,41,44
0,11
0
0
0,21
0
0,3,48,51
0,24
0,42
0,16
0
0,30
0,9
0,27,32,59
0,44
0,61
0,25,32,57
0,5
0,61
0
0
0,53
0,31
0
0
0,3
0
0,7,8,15,49,54,57,62
0,62
0
0
0
0
0,15,36,43
0,37
0,16
0,14
0,31,46,49
0,61
0,37
0
0
0,56
0,39
0
0
0
0
0,62
0,47
0
0,62
0,26
0,16
0
0
0
0
0,4,33,37
0,13
0
0,28
0
0
0
0,44
0
0,53
0,24
0
0
0,7
0,13,32,45
0,45
0
0,29
0
0,7,42,45
0,41
0,47
0
0,12,18,30
0
0,41
0,33
0,7,48,55
0,35
0,52
0
0,27,35,56
0
0
0,19
0,6
0
0
0
0
0
0
0,6
0
0
0
0
0
0
0,4,27,31
0,59
0,39
0
0,26,35,57
0,42
0
0,14,36,42
0,5,32,37
0,28
0,14,48,62
0,32
0
0
0
0
0,5
0
0,8,22,30,34,42,52,60
0
0,15
0,19
0,32
0,5
0,10,38,44
0,53
0
0
0,4
0,25
0,62
0,23
0,14,50,60
0,31
0
0
0
0
0
0,19
0
0,5,9,12,50,55,59,62
0,14,22,24
0,14
0,6,41,47
0,59
0,10,17,27
0,55
0
0
0,14
0
0,12,55,59
0,19
0,28
0,13
0,5,27,30,35,38,56,61
0,10,38,44
0,57
0,48
0,58
0,27,32,59
0
0,50
0,1
0
0,4
0,47
0,25
0
0
0,19,43,56
0,47
0,31
0,7
0
0
0,7
0,6
0,19,32,51
0
0,15
0
0
0
0,54
0,19
0,48
0
0
0
0,62
0
0
0
0,22
0
0,35
0,13
0
0,53
0,10
0,63
0,2,5,7
0,32
0
0,32
0,5,49,52
0
0
0,23
0
0
0,12,20,24
0,34
0
0,40
0
0,2,28,30
0
0
0
0
0
0
0
0,30
0,27,39,60
0,9,21,28
0
0
0
0,49
0,30
0,47
0
0
0,31,36,59
0,31
0,7,58,61
0,16,41,57
0,50
0,6,17,23,34,36,51,53
0
0,51
0
0,25
0,2
0
0,7,11,12
0,6,41,47
0,53
0
0
0,57
0,18,35,49
0
0,42
0,38
0,26,40,50
0,38
0,59
0,9
0,56
0
0
0,26,46,52
0,45
0,37
0,21
0,7,58,61
0
0,9,53,60
0,16,41,57
0
0,2,29,31,32,34,61,63
0,15
0
0
0,29,44,49
0
0,32
0
0,6
0
0,36
0,4
0
0,14
0
0
0
0,11,19,24,34,41,49,58
0,1,54,55
0,36
0
0,18,33,51
0,4
0
0,9,37,44
0
0
0
0,28,46,50
0,35
0
0,49
0
0,20
0
0
0
0,12
0,40
0
0
0,10
0
0,31
0,16,40,56
0,41
0
0
0,20
0
0
0
0
0,5,59,62
0
0,3
0,34
0
0,63
0,39
0,19,47,60
0,7,16,23
0
0
0,31
0,8
0,42
0,31,34,61
0,21
0,18
0
0,38
0,34
0,32
0
0
0,3
0,14
0,12
0,2
0,2,40,42
0
0,41
0
0
0
0,24,44,52
0
0,3
0,15
0
0
0
0,45
0,3
0,2,45,47
0,50
0,48
0,14,17,31
0,9
0
0,7,34,37
0,6
0
0,4
0
0
0
0
0,56
0
0,22
0
0,25,44,53
0,48
0,51
0
0,19
0,31
0
0
0
0,45
0,45
0,7,9,14,16,23,25,30
0,49
0,55
0
0
0,11
0,29,40,53
0,25
0
0,26
0
0
0,53
0
0
0,5,51,54
0
0,26,36,62
0,31
0,18,43,57
0,2,40,42
0,57
0,15
0,58
0,45
0
0,50
0,30
0
0
0
0,31
0
0
0
0
0,3
0
0,6
0
0,47
0,5
0
0,13,49,60
0,26,33,59
0,26
0,14,39,41
0
0
0,32
0,62
0,51
0,54
0,51
0,10,17,27,39,45,54,60
0,23,46,57
0,48
0,6,27,29,43,45,48,54
0
0,19,38,53
0,13
0
0,62
0,13
0
0
0,11,17,26
0,49
0
0,19
0
0,40
0
0
0,2
0
0,38
0,18,46,60
0,22,39,49
0
0,29
0
0,17,41,56
0
0,17,32,49
0,40
0
0
0
0
0
0,36
0,14,53,59
0
0,5
0,3,41,42
0,34
0
0,34
0,56
0,41
0
0
0,20
0,2
0,4
0
0,16,41,57
0
0,20
0,10,20,30
0,42
0,16
0
0
0
0
0
0,20
0
0,18
0
0,30
0,5,42,47
0,12
0,4
0
0,45
0,59
0,4,24,28
0,19,42,57
0
0
0,47
0
0,37
0
0,52
0,51
0,43
0,21
0,12
0,33
0
0
0,3
0,18
0,50
0
0
0
0,30
0
0,50
0
0,28,38,58
0,10
0
0,25,47,54
0
0
0,45
0,13
0,18
0,18
0,52
0
0
0,15
0
0,1,4,5,34,35,38,39
0
0,50
0,45
0,38
0,53
0,50
0
0
0
0,14,36,42
0
0
0,38
0,7
0
0
0,11,17,26
0
0
0
0,50
0,47
0,29
0
0
0,12
0
0,53
0,19,32,51
0,43
0,38
0
0,26,43,49
0
0
0
0,4,11,15
0,30
0,46
0
0,7,10,13,19,20,25,30
0,5,34,39
0
0,42
0,10,23,29,34,40,53,63
0,12,37,41
0,18,39,53
0,7,11,12
0,18
0
0,14
0,32
0,5,51,54
0
0
0,44
0,11,17,26,33,42,48,59
0,6,25,31
0
0,15,49,62
0,9,34,43
0,46
0,7,58,61
0
0,13
0,63
0
0,2,29,31,36,38,57,59
0
0,11
0
0
0,63
0
0,37
0,35
0,15,19,28,33,46,50,61
0,14,21,27,39,41,50,60
0
0,23
0,2,20,22,41,43,61,63
0
0
0,44
0
0,2
0,56
0,51
0,52
0,41
0,7,25,30
0
0,44
0,14,16,30
0,23
0,27
0,11
0,23
0
0,24
0
0,8
0
0,56
0
0,15
0
0
0,1,52,53
0
0,30
0,7,18,21,42,45,56,63
0
0,16,39,55
0
0,31
0
0,43
0,4
0
0
0,44
0,49
0,8,36,44
0,17
0
0,61
0,56
0
0
0,8
0
0,11
0,46
0,20,43,63
0,38
0,27
0,30,44,50
0,5
0,61
0,55
0
0,2,4,6
0
0
0,45
0
0,5
0
0,58
0
0
0,13
0,28
0,9
0
0,17
0,14
0,59
0,28
0,62
0,51
0,9,23,30,38,47,49,56
0,4,8,12
0
0,38
0,63
0,16
0
0
0,16
0,21
0
0,17,45,60
0
0,29
0
0,13
0
0,2,41,43
0,30,44,50
0,26
0,19
0
0
0
0,38
0
0
0,1
0
0,44
0,3,44,47
0
0,62
0
0,58
0,5
0,4,11,15,16,20,27,31,35,39,40,44,51,55,56,60
0
0
0,8
0,33
0,24,37,61
0
0
0
0
0
0,2
0,23,42,61
0
0,28
0,2,60,62
0,18
0,8
0
0
0
0
0,1
0,49
0
0
